1116354778163843182
1031050999277813840
1104430279038353538
1059685799639142410
1060276136275365950
916362638680817675
809400045928579082
881091353315000330
826070257747361837
721956431531737121
712167059080872007
1080048224573857824
992422545674469426
878169743071248395
1101707623314772058
1117078543202013294
1031536309568806912
877499178782162964
1108377504613412886
1110067906647162990
889449207663058944
1026037012253376542
796464735561842760
1109255019229872128
1021377179608694815
1039918831113605162
848846219160977418
1048897978963865610
1100006656324157502
1084905472643047424
989145135986147408
1098883999243436052
505671016626782219
1100719269458743296
897470034329358367
1070306673052352513
1070040236194803792
970910522218283038
936482496592363573
984429547313307678
1104048533243445318
1047501904273481738
984132406590201907
1061586404334911508
599808313219088406
805673410281209907
478875196753969152
877448965400965150
932329622111158363
1028461349916917782
430552660916043776
939838892746625024
820174343610826762
965503026808893460
922967119136718961
736106287154200659
597361480245051402
1112343785544888441
909266444859088896
853251868528345108
760101590467608586
1102485110021959741
1025829425482317874
849178192597352459
1018403419259674644
794101112231034881
883605793050619914
1013299807521087508
1010066358320508958
876806112777744424
838260063747178497
1102446639903408169
864168396262080552
1106698047259426826
948929388660027402
949984929876439040
1117389942331543656
940294534414336051
1058416824309530724
806218702781415474
978216954324197387
792448615951892480
985071225434935326
984107580810993706
1026535548422205470
959472656766341240
762897187537420288
1023128389491634207
938989530135027722
1011790584341610556
859455685762613249
851355830581461053
1015992041232154744
994178856888045628
956242310029520916
1081933991508189224
872505957836554240
809740064174112781
986528791318888511
938883837864316938
1080887309639102526
1106520495093985361
844084597335916586
1075446975404711998
1035132364533284986
898567983503405057
1113113434050019390
1106830342683365456
938519072059048066
1066451921428291604
1063887628325371974
946063347491700836
950273373320130570
752805815827562537
1070371577604079800
1066373488954310676
902572257728139324
1075847037804879992
1094589620450246717
859871047008518145
1009724690744475678
736789499736227851
1104021090000445581
403735261537632258
454123528221098015
1085591907201196244
1012584556634845284
886661289278050354
891983790073872385
1012550126545412166
919757075796602922
1073559799486226482
1068847972512694393
699560171134779452
1094418947127906324
1010855536654295140
764116357239144478
975644149510463528
892302621447192616
772843733393211443
717299025606344716
1115366997606289458
983237076621340712
1011219127194636389
1090692249467232286
270904126974590976
897482785210638337
949247261316104192
977589143209144371
955303119884001280
1096415504454930563
965521503519125505
997143886612938812
878574540253429770
1083274929841111092
1107564304871456838
1085787717671071764
1081605398945083413
1098183103635263539
1115143231894732851
929331200164786196
1117031722526199859
967096415325159485
904654032159789116
984385868024401981
1113700566451900468
958065488460668958
948186407019622421
877407563619110952
1034789918389579796
1085796774544937030
1107619946709667860
1114416250286776320
181236567585718273
1105791914336325723
1118175684972527657
574793777982734357
975381450587246622
1087413832701448203
878689497884295238
1088399360947126332
1011220659050913832
1074961562852413520
1030419481807306803
918821535559610440
1053527499449057292
1068950086962389022
1046638749641101312
1061263304862990436
711588910425309205
1080831838316146780
1005389290534076506
1013021554185084979
1061207022827225229
1104277925043376219
1052402895678623774
917019846955376640
1061918801710567484
1101327894699061350
877499399230586902
768855139644604417
1017369001405464596
861289711028666368
1059878900974493866
1004958545588002919
994894224493396058
804248515621945354
235148962103951360
790991490725052456
947038086481727538
1116075710231101510
781914805078065222
1117422176002383944
667363191063445504
881572241911992372
1080890441106477079
854416255062638642
788042061089734666
938430952990982237
1091237976341745675
958548016829169705
1118897997175074826
598518505721298965
1009869977924415498
845011092295385098
963232208032788530
1098598362099503265
1057686451980083322
1064439089673277540
927853959048233030
767671058241159219
776054859157471253
1106127094364250202
973238611011043338
1073559293170819152
1115831818168573964
1070661411098857482
861585304339087370
944885729325109279
1092415110703759380
969527400826277918
998251895657345094
987945378617909268
875356412585345045
1081511040971452467
1006541673746145291
961178921469087754
897732878971064350
1059693801507127356
1105832319383781466
943110481214840863
1108484349625634968
1120411920143499367
844606142952767589
891949384839868436
1098119896480616498
1070704726485762211
1018188064713097257
1089029105166594069
954416898425094255
901887404942712933
842095546335363112
1025451371073392772
728482372777148416
1000646625741504533
767704392417411090
939858861865725962
962005708558192671
889186036847099914
1012153881712656415
1104420850368790558
985468765401645066
1062938098822029384
557628352828014614
1073497434568802385
767001606574964777
796676539613184030
563727716017504256
981532897179738152
1023631109814243359
1115281641380773988
924583271289982996
958963565287596048
1104999905803644949
964499856179736626
963069626089111602
631786110955159573
1095046958365802648
978301339639611403
1105517015885680641
1104315612949381140
964144755011354654
906628352796942346
924221440314712064
985836803191865435
1037375078335262761
1078707216015695902
852431967102304266
1063449869706072185
1062733482117304360
1099254732612190251
902431108350754827
1022395412461666304
939145390702333994
1002043952867856385
1088123614865391678
1057525566695284787
1037221084975616010
940594870207279115
888647658007326731
954987563716870144
972510863338655795
995626652304425060
995736115711594496
888310482774159360
1063410007988772876
804613422682603520
874166320470577182
1047151350414331955
1075484579835682886
958619385935822908
1033579059185197057
1001418819316756480
943904947072798727
654259330643787776
911334235112103997
1007185674845298738
1100021928405770282
1063462014409773219
876081684313931817
992395582532501554
844192380696920084
941310711815082094
854662356402438164
1070383473191292959
1003962517594325054
1057711939788230726
786863140780507188
973656609379205190
1007145228915982357
897718534753378374
1069146283937370132
1091282793042034749
920287655441367060
915590033224916994
1037420588207181925
1077118394362499122
1079717493951696988
1115611793604223026
945671498818003025
1116307129448534026
1113917112600231957
980043419042852874
665021190213074954
744798668309135422
1090272371816026263
1007640133148889130
936495135007571980
996696600929906758
1092790730373726249
879660007115849738
880382324951371788
1076026235869745225
1048796785587531808
933554144709578844
930069000992460800
1019786564454338581
560113814343909391
1087667549367455775
1094942140724944937
987071912540766298
1054479250436128788
1082340448728776815
716539045437767722
1053701029729943582
990685798724669522
987709315353804820
1081617509586829464
870652324962521090
709627285233467462
882562511436656640
1027549602976645191
1053886661873901578
1114163713277182072
748064362798907435
1062019683198455970
1095183476648575107
757580323549610014
927802276909830204
1020011929026179074
981917985973338122
996085897533607966
1086634492707475506
854038804520370218
1043132727953735813
1031077000682688515
918251568132927548
1073573883170525204
940940281958772746
1024473285896970381
1119200503633559613
1025086672062394421
842277387961630740
762716866543353877
939775096409698304
1057824251362685029
859338739180765184
1015838759490691102
862533589588901929
683511150641807612
815946006394044419
972138908970270810
1018944754039398480
1084160105462890506
1096079514964070471
1088332599010803723
1017984128404181084
1072119573618372678
978192002489385060
808610476358762516
1017230469479276595
794083997259923476
1082591465483554816
880151603850674236
1107223231708016650
1007502089716514889
1113753970427576390
1059610597504852019
1086891178009559040
854005121120600074
999979560865120337
798379605673246771
1106746705845702767
1084144421345439815
1093737175604007003
729765263834218506
1031070188159909929
813302416983982121
1093917351088505034
958589842860675082
776312043463901184
1026758374429306910
755338927031975956
735129061621235824
1053690840494657668
1118768100574249072
993228532299857929
1036585863997566996
1073111816588230706
874308689471873094
764058579845513257
1025390136474751057
1025436591260455064
772395484324167712
734769418122559618
1055164632039444530
928302527592693780
924949939010797628
901846864956100668
1120335470543503391
740522320849928322
1056205105805934622
1088341158360514590
1071048884069085224
820276397095649290
1111682139734425690
1020066362967736340
852476602901856296
683576972672106516
1078356570884276414
798845208996610058
1043968169368359032
766600623130017823
960013654244339853
1020538233383309372
996824487074988032
1116353063213604924
997458591411863602
1071267576061116547
1089407584571768883
1093362016124686448
1104923073519558686
880097318244855870
860581804281167942
1110437208323797012
1120770569890181191
966936148641476638
1110820122194620416
1040643136143245352
1050240984631476316
803129958447972372
1027115932260253706
1010147574449197066
1113411153964572762
936916309122367540
735784926649253900
1081459633526427710
892288391012556800
1027225756859899997
1110939894454435992
988119112221855865
990287205194948628
837346405201739835
715636050617172008
998272361637892127
493716749342998541
927552364121055262
1102835338021453865
1024700022723457095
862239588391321600
880019907016798259
944203541831114815
1049291706438266920
829319933431119914
937230658005250068
969857915026554880
1013464133628346470
821777661919494234
968844012528234566
1084100743532925029
1089151159278784532
1047073744822214666
667324751391490048
992813647279697940
1042487946642718780
992385720369029251
1070619070468214824
904620597177360434
1114949695291273276
846685667370860584
1109027354845642774
811360090665254942
1115367146248212506
761135110111625236
760162761908420629
1096629027810320424
1000656777274204160
1071626800381296802
1102107006313181274
1091230204090912820
817313913343180832
1078307806085656658
1077856451625754644
711596494225932289
1033579472659685457
957913107278204948
936600994291273760
554710246732333056
1119930318510637156
1058015560622948402
763278120140275714
1106121621393121350
841478974010032158
1060565489279062036
1054361030278512700
853919376414474240
1051303143884992522
1103720606622560389
1096487276428677131
961600234771857448
803264016783769630
712959090506072144
1101464551263850566
1065159693024120863
1028724332240842762
1032706569307177010
900323158479994910
1001807101116567572
928591064519049247
1106948901090644119
882881105966026762
1080533505290797208
961219246304665611
797872578827649045
960220384064593970
956828133368152145
998122692110712843
820935776380518400
871599547720290314
1017831451724623964
917806042165960744
1010192564466483271
1015185563525062686
1065929287783428156
834390762544300052
1096379867613909052
1064506463327887401
1012591274852888596
840302527346245693
1028526754815561778
1079466377288622193
750070110080860201
874658284559302696
946390736142762014
839454489073549342
1006848730093326377
646289529795248129
887599319954378792
1066716836168736788
963777427883032576
931458193270403093
1091611772852633600
1071389439793831946
1080420752534274129
938315048806383679
1114010329756741693
967964458947326012
918115074386837534
1031036121066512475
985742353778229278
713643287545774081
1069966793252282410
950634441473155123
856877726773542933
682280492703547415
873114836987416676
993098335831478303
1071724746124824696
932561847436075009
1116273339854504006
1085555810106617916
729716508867166288
1090663385986760778
1111240017113796658
1047907396791570442
1120646375084925010
1116757308312125440
987475999929303060
813643053096501288
874953017227628554
1119119632738025565
912334677703012385
962947296683757621
897485871924781127
964846644271140914
1116709809492865045
425594430335090688
955681420465025044
981808118143012865
695173526751281203
1109100706989879307
907871859628978226
894546960038641695
1013480584732999811
1079467293223948289
948541516878594058
870340778243788820
869265527409889291
911894552888098817
1043141383843745822
1051129363128655892
995374102456049736
533621396547567638
1090227640343998494
1034987765793832980
998607523521241211
1010451270399692820
1109517256838352936
993752947349532772
995386292974141492
929399225974919179
773552809064398859
969504663592398849
941397989770031115
897843008052006963
993378589510729758
900367349029429318
1083754662303371444
1031108724858822697
900702352661708830
1001833623772725248
1100338127782031371
1013192320218312754
960393270192635915
980352775001079820
772813826298216458
1100377534685782056
979290725462179840
881102653847904257
1044895819725275137
894542481268568075
1033679486425772112
763356083233357855
1110201507678269440
707556386292105317
959434423307206666
931430160689954866
774496740681580556
1022377084712144978
886841755402637362
773914755106471956
806744680527036436
1053980407110041610
1013755564192448512
840986021458083882
815312915544539147
1031611933092229191
1090957904410071120
1091584399071518732
1110116799426605117
840462144176128071
996021095075426304
928310442726662194
1027970237976563744
1031930240500502588
1027594506490609736
998604389969297478
1043956825889976470
928955055254700112
796386666910711820
973180439269363712
1019695682212331541
979275273897922590
1106182833480941589
1062989236392951818
1116157701328736307
929338186746978304
823459791711109121
1111492185670570034
1098128146013900840
853161530236731433
768430317622657034
1009527722856419460
983890291037704242
913754966513057844
1063466613170507816
1047178788506697820
899560512738697217
849178424970969129
963727816929706014
1093782961855418419
1015835066057891970
933745300730957854
802796589478313984
1091993758771458048
1058312960621162537
1086205884339851284
888351498101219328
820661127393837097
744084251045134380
816300418749562891
1089826704790392852
936307681306746910
855057363329744937
1031095538126430228
904930930412625990
952118144363794462
1105704734221946960
763339708813017098
1113511244171849779
985457212099006524
816650684279423036
818366461319970836
1097702219958206545
1005444927829856370
857032971139285022
1035467164213329960
1025434978894499840
1067816228699246654
871760830952276028
888343354193109002
1078463457847943228
1106869358438928476
1085332155959345153
955467289296257035
1099544162489090169
1027596665470853120
1105043549931700274
839427988595671081
1093103633165451315
999247546134310913
1121043323432484968
981181503574769744
800298795526783006
850715621494358067
155149108183695360
1095789247811825775
988114843276042330
975259441320579092
768782926757494825
1107854653707784252
990957345758658640
984489342158381126
1092379679144542239
995598851484434444
1115598430413267065
912703627670474813
898657937499762738
1095171014763225150
1089254971704352778
997810835063832606
1018021124904333353
1110167867271417956
1112444489848606751
1065314483699990698
979040721514426368
1095566532819550301
942510178807459931
1031223717453365248
1110417284285071470
1082257561677463572
1037624273533161502
1086927542218403901
808501639580876830
931398857634484324
967691676653068339
793338547129942067
1027621610317946941
859110729658793984
570826950344572968
1034430121316188231
993349144762667008
1010084955373711400
1073200284379119658
972759957709672458
595074656206061580
910167595649474601
929729454127869952
939940198731644980
1008583914731876392
1094639955835363400
1103392184306237543
1091633455223287892
776440606624841729
628892412978266156
1031339647403560991
768834270914412585
1073528382333145109
1098615637615583273
1024362091299229766
857838450471862312
1090705340942790676
1084031787224813589
1041305816881438740
1005119485193228369
1074356706588512388
1082270779737124904
855337513106014229
896682656945807410
865110229620490240
1067392075395514368
903330589476810754
862915562178347008
1078913438274830396
856209330474844180
1097186613085351956
1105415131367751720
1070439556219928596
986696895474843748
732623016260796476
1052693154232533022
780321830695206912
1114925582917062728
1109500522446196766
768011480993497118
988890053696700476
1065926238440521830
1053691177691512903
766917395108986901
1015839249809023056
846716431583412274
1083921391918784523
1026063309105025066
828333894490521661
839465176210472991
1032910307330367551
1106531190791471155
1053690149394976900
1061561996698464306
703581060641849356
1037531376544645200
903830403893329992
1085142240613109862
885074746818052096
1078619628521128036
811096136030748722
1096757840015798282
1119626681460719727
1071410248235106334
887902990806159361
838404338304811028
1115370109549166804
1015578212547444796
1118174861697753148
980734066305417289
1114975651183734854
1114936843956396132
1082122469999132742
968974682739056772
1042686551638949908
1043154658933350530
1082702835671638116
1073545257800712223
773559339444207626
922814998194057267
923933537395154964
563303792271949825
1082637015058751518
1110929081651970159
748461431724441640
935929812655161375
759450419746308096
963469822753132614
985095694643757087
1065243168192352347
984742722348929084
1074536118906793985
858586811286159360
1048734341288710315
973552793757564989
1002973390212169840
943840766462140416
1104355510074998865
878871221087928350
985115336619745291
1002173660104237126
1047129426346901535
904275042265882654
998056442663813211
996217268356788334
973084775256584202
1074630503912722452
1080194058347094086
919425645405147136
1104755238721826847
1101885973022908476
1004907727560130631
1109097808088268910
1117689010597396591
1116700183934287982
1020369975552262245
1040847130077700106
1083052830853701682
1006537418813472849
964405307591786526
1064096692393230346
964344461624758302
1115319306876616774
1045043491299921991
812149189629968407
1078724841831673917
1118117562161569843
981555058695090236
973282998608855092
1107270959741796414
900338510513442856
886961702858543134
1109830790671507458
978305091234848819
1110955947574173756
918692670245847081
1119283711788208138
334805351385792512
657906706940035081
966389826750414941
1085941629258580110
1115284821334294580
785498308277698570
913741102132101121
947529467029487627
926390215696846898
1109044814252617790
1113438664551309314
579142372034871306
1118168216125063178
1101177861420880063
1118436620648063027
873369983093202954
938310746272567306
1088830037568012380
694895497382723687
991997622476869653
922461270618279936
816246538090971226
758886761798565900
900038805971681310
956918954440413204
1038079031142273105
762503999022694430
877199773873082398
1111067122173485148
984333263684399164
1063337537575321641
765106994302418964
1043135964735877171
1056184296580337744
928608072803438602
855743638742237254
788804372977025095
739198570057695364
954991836819243018
810172680007450664
835893749523152956
1106232894726344787
957661958709067776
980828044275114015
1077880914572476507
991979637930471454
1074971677194199060
953956227073847346
933719141456687124
1115367592916439121
1104842446342467747
992394127314518036
957875512447995954
1074353791702401176
885748384907034624
1057649876210556948
947501606021234710
1050397279187632178
1056850610424660020
1083056578472722462
879413902474113054
1033577950991368272
969537225542995968
591563182452113408
922505270305894480
1042994055551930449
642988033137836032
869804524322308146
1056603227107360828
1058755528551047269
1086205275377238076
1117139308537729136
1092306139779190795
1103984360874577980
997046203231510609
1000430357688111204
1071843894213484636
759622552741085224
984014833995362364
1011253867800973444
1117077411834630187
922563436930547712
688314429779083280
945183248475127828
1001412046048468992
1089018540100702238
908927783198158879
967169411993722949
1101002629573771294
943356514234687518
992863915077816430
1064111558013227028
721693520305455134
1070256257732190299
1062962542206537729
947930198672826449
1019621154626994268
978527701516300308
1089141237191299072
710512143581315174
987160646057594880
816696180742160445
1019784488152207433
752840691746340864
1060551245347172362
991674022444138516
1061917633265545216
942401314795692033
852212970519527434
992741390188560434
1037729673964171264
983648532697346088
723495240601960519
548584183241506817
1022057222525685791
1045356713001353287
976509461223051346
785704655619096648
956909192671801374
1077147286498455583
994595558385782884
875808862899437589
1122005040924729415
909783584808767491
847338910152654848
964947397551730778
1002664596596858951
1117401715747070003
1056921185042038814
925994603071569981
1041688338467401728
905114126416756737
606925452195528796
1068403968675434588
1103291580598730833
871653782554038274
978975952539373578
1055061830696960060
973783803984244796
933756586667704352
1012306941411856454
1030470051691757568
1074887739763343371
950235332639592459
1050985230196023327
1086928260404871258
711148021999599727
901474168921534514
864092104950939669
1094246038015057940
996163236279881758
1116651403977429064
1047560808885932142
1117061155047878700
756126537312501823
856181234782830613
766729393392320554
897289341519401043
548000549329436692
1100057238195941386
813256163285532703
903713569483403316
1004525657323217006
986977471696101407
1067058659592511528
505661957169479690
1082201940710146099
1112783748744892466
830675409070850048
923804535783305247
604756607871483905
1092496017095659530
1100487184571711688
859378149229068308
855564177136549888
1060118666257117237
698404116505952303
1078622504240820285
1088319065484959764
1048151883778371634
888288571583238184
744165661961617459
1090186673192718448
928591687436095488
1079834929296326806
960103951192166412
1080175641753825281
1092152460228952165
1092436425846300804
974362537384624198
1081933702642278450
968393685693759538
1053993955886383124
1008391332781375518
1047203978154352680
1118169770169213019
814553157895323698
953665339319787532
1115369000281591808
1109019356186279948
1017857575166939217
853508797670096937
1110452888553148518
1018151449701662730
745309961256435883
1091318861753753640
763282284626837514
1095917402480459827
1104454392574398535
818687968004014100
1030775347131727904
1030524951603707985
767973046182608937
1090273689142054993
1002982806554685531
771287073730068481
947330535238291476
1018780799761387551
905006901815824404
815791438213414933
981164931300868146
662581575992737793
984359930591076403
773616552435515464
1120181136878993498
1020191339293442058
1085173958682349691
818445131576377394
1019841544515235860
930343040206376981
842724420707024916
708628158080876574
924633282480599070
1021433658848051280
907611757659451402
1120731452175290398
910160370130366554
1080170794044366918
1078960871713280010
1060912780619816992
936901726265569290
803483384130568222
1085919629907591248
1016372348959592478
738075371211194369
751102522843988061
518371034408288276
1028709812097265765
995319596917731378
863059562823417888
1014398642691518534
980044916707172382
1008375712387960852
1062283745446604810
765856774481641472
1097542682542342144
725571413934866492
1000093338353008640
1029235381260005386
1115366065254440960
1019778556139683885
1119580712580943942
720351927581278219
836265842106564618
651000481258143745
958762450625380372
1080515547986403418
893723378475728896
891678084238020658
998219144065462392
699509118926454855
799292037048172576
896301947664101418
1007604228413468722
1045347917986279445
864067484200861716
1082901401358848053
1110642076359589970
923801464822980618
1061171647123574824
801907606742237195
872012755778011177
1110244642336808961
1106815915191975979
958918217739403285
1076761829163937812
992875276704948224
871770826557517914
1113125246048948274
1064450153899098132
1106626656015233134
943294097920241665
859727995752284170
858995960322719764
1042807716785176636
995415336780300368
927934359791599686
957901374979469345
898210497164378173
979327389345677372
927797063217979473
983977088509943818
927591495555510373
948772902541598730
997855054314868837
941146307152719872
972707612795744336
1104327511128686694
1110460861417541756
1062050717545812028
1005394724187811850
853653815114334228
1053689783634890872
1113418229696704572
986559417770192926
906481050925019176
893849738854694974
1021375982369767517
1105830979848896632
1104185956204032102
800476751792701521
747833455206989904
911283636253380618
1054959635834089492
998950505927676055
1069560522158116916
1064538487858135150
867421686957735986
1096990230113951804
792697454717567017
669104366854209538
852893206735355904
829470259206946856
971271811989897226
928265853550620744
934032221524873256
757937806973599825
1048859368596193370
1038012102213914624
1118716089447239733
1119284444684091454
740489391520219207
983706520854331433
1009055649365241917
1121479256451588127
1009674990452486254
899899858981371935
1044257171367530538
285449396462551042
974196385245192233
1068132359687393381
1010494974485331999
1014577218728513606
1076079894565486592
985216524820291694
960009256977960970
1070234092639113267
963775077395095612
934687486549061662
644001997372129281
1094551567824343101
1076361516342841374
923984715550175283
1067129427319869500
1121391907122188338
1000829552643289089
1078824551510724738
974512844924145695
984335005260079205
1027972961422020698
1115646734505361551
825674829008863273
823494200456511529
741566189381353533
1083958624285626439
890213305921208322
891251109656666133
1093096970966552636
967786245050728558
829356200344682537
1079117707636650034
820243898869088296
1077458610826780682
1010193229708267540
954340301642817587
843507300420681760
652502008137383936
1080336216727244931
962114910395990106
1017354413414813726
888662560411361330
1078474040005632082
742400681348169758
1053931051833110599
980070897673175091
988826044041678858
901457226798100521
1090239709873193030
917459099334090772
1085108795501453343
906740189056077825
931771979973922896
931855845468291112
1114912769511276634
909139835225247806
853156717189398578
982207644326588426
908790136135893032
859121633292582912
892059186958041159
787894266374127646
846711201614397440
858949756922494996
769196329515614250
1074039097900937309
816560476234055690
1080458178204016711
702439115840290886
784160794568163358
550546658283225090
942780628942872696
901901758769557524
913070867737628722
1062748187988873287
773980811997216768
1063571571949703195
584401354819239947
1112391672563761274
872411073272233994
836958124211699793
1008732450098258052
881110705288413215
1105074719113367562
1097505744502390784
1119586083085234217
862525498379075594
1084208016733249536
941204011355353110
1073993623579938966
930463388545450046
1102401775081885786
934098790581952553
723128250263666729
1073960317199069235
729730661547638856
746962789565988894
1059825266052046930
967655190016720906
1070919004140605500
975778733917081621
758960269526433842
803203153574363141
1118764861699149836
937709099557191730
941596926804127745
1118024941783228558
775736289696940042
1070146860683108432
1112630850740301874
587300122761756672
994474665332449360
826397460313931807
1109828729477275698
1013075975094939699
936604831584514078
1014776577344675851
1101505224415387750
1096000875090161745
1051376226058645514
1069307981759533066
960016335339913228
923814981844230164
883635823994601492
993114194264203334
787348393315008595
1002232068866056252
1114362687791566889
1115209976592474152
944841392792948787
1042803256612638751
627142287872360489
915542799691153468
1096744220619964416
946063099788664933
1021934197486649395
1069793148575957012
944606258726588437
1071821309631283262
1074289109390069831
470602745976455169
1087408715122098259
970337253375217675
1105717082366169168
1023992356590063656
615102098027184138
1099162875295186954
997873062039003237
937644948508016661
975710613810602004
1081931174005448785
637056106581196829
1106182727981596722
1073470635235352636
1059142897590607882
892028922072539228
987282850271363152
975291636873580614
882140792955748362
988002612341272596
973550048673685524
1087206563770548297
940254784294895637
763723109802311711
757530828342558840
855818585754173440
922366081627226134
1107243109781356666
886584341185056788
783613530447413258
1116451993544818810
946686185496018975
1048830290744848446
1063352341014781993
964910591724638268
1032285847002812498
1017879971437477919
902158794279223306
1091615095307632702
987557190342696970
1106949252699148488
1049668549960028333
1085279938355155065
983343846299684936
824119071556763668
927811329862013008
1025097993264836679
1105762232773660728
879726342747344946
1032050295913598976
1000047860722712637
870367356751339631
1085074272906653716
957529830193254403
958772616032829520
974273039137144862
735790205230907403
1104656932196851712
752445186604531722
1115369798751228004
887151806747123774
932661449975795812
962570100697862145
1033579244535677028
830413767263125504
1100659361493303367
546993542321668097
829782415752691742
416358583220043796
867420109861421096
1108056993186463858
729931387783872543
1044963659597742192
1104754526499643455
856867226938507284
1060882508587212881
927924602838057021
993433642682560633
873934253468024852
981943209951387690
1107169815870840903
1076737516390076449
1114214078295060632
1029773103057866813
1086534984862547968
833370794322690078
963442611358670858
784435239296303104
1076807315883302922
1031106666118258728
754614128068263968
717029394933088268
987830947120554004
1119863660421054566
924975034005594132
865888557780172800
762017927943290910
1090514899316256838
1005870376229814352
1019230585618714695
1080940217374085210
960934331109474414
1037530257919590463
408785106942164992
726099198889558046
886494810217807882
732790231975329824
986477872824856636
956200622703665182
881936715063902289
989069082928234508
817405918693818379
1087902133174665268
1050439752152776726
1110847071130501122
894613174781898763
1044138500896870440
1062011614032834700
746318266527645757
807565129947283496
810015197288726548
762660575367921704
1119643819965685860
